0 10
1 14
2 24
3 31
4 40
5 46
6 53
7 64
8 69
9 78
10 86
11 93
12 98
13 106
14 113
15 120
16 124
17 128
18 134
19 147
20 154
21 157
22 159
23 164
24 168
25 169
26 176
27 181
28 185
29 189
30 193
31 201
32 205
33 207
34 208
35 212
36 212
37 213
38 214
39 218
40 219
41 222
42 226
43 228
44 232
45 234
46 236
47 238
48 241
49 242
50 245
51 247
52 250
53 251
54 253
55 253
56 254
57 254
58 255
59 256
60 256
61 257
62 258
63 258
64 258
65 259
66 259
67 260
68 260
69 260
70 261
71 262
72 262
73 262
74 263
75 263
76 264
77 266
78 266
79 266
80 266
81 266
82 266
